"Time" "MAK" "HER" "WHK" "BLF" "WPF" "SUF" "WIF" "WTF" "FOU" "HAL" "PLA" "FLA" "BFT" "TUN" "BIL" "MPF" "BUT" "BPF" "ANC" "GOO" "MEN" "FDE" "COD" "SHK" "OHK" "POL" "RHK" "BSB" "SCU" "TYL" "RED" "OPT" "SAL" "DRM" "STB" "TAU" "WOL" "SDF" "FDF" "HAD" "YTF" "DOG" "SMO" "SSH" "DSH" "BLS" "POR" "PSH" "WSK" "LSK" "SK" "SB" "PIN" "RWH" "BWH" "SWH" "TWH" "INV" "LSQ" "ISQ" "SCA" "QHG" "CLA" "BFF" "BG" "LOB" "BMS" "NSH" "OSH" "ZL" "BD" "MA" "MB" "SG" "BC" "ZG"
0 0 0 0 0 0 0 0 0 0 0 0 0 0 0 0 0 0 0 0 0 0 0 0 0 0 0 0 0 0 0 0 0 0 0 0 0 0 0 0 0 0 0 0 0 0 0 0 0 0 0 0 0 0 0 0 0 0 0 0 0 0 0 0 0 0 0 0 0 0 0 0 0 0 0 0 0
365 14054.980843 0 2377.658927 17950.809198 594.666153 9298.550989 1202.242324 569.68018 0 42.961493 998.827744 0 203.66607 118.193929 174.2314 0 1321.143843 70.320234 0 10199.832961 29483.447904 421.274287 1493.961286 6725.253022 0 4824.074484 1333.722827 2797.14694 5162.23464 524.705429 514.810984 48.965316 0 1364.477863 39.505879 31.960475 0 146.248831 1631.314391 5455.696508 419.904995 9919.431202 426.846698 0 10.210095 0 0 0 8043.469983 8842.635718 3307.819239 0 0 0 0 0 0 0 0 0 7322.903289 14330.947369 16431.782342 34.153488 0 13201.673404 4440.780314 0 0 0 0 0 0 0 0 0
730 13963.16823 0 2362.127132 17872.951683 594.666153 9298.550989 1202.242324 569.68018 0 42.961493 998.827744 0 133.246386 77.579381 114.114861 0 1316.275428 70.320234 0 10199.274097 29483.447904 421.274287 1493.961286 6692.250145 0 4824.074484 1333.722827 2797.14694 5162.23464 524.705429 514.810984 48.965316 0 1364.477863 39.505879 31.960475 0 146.248831 1631.314391 5455.696508 418.757714 9919.431202 426.846698 0 10.210095 0 0 0 8043.469983 8842.635718 3307.819239 0 0 0 0 0 0 0 0 0 7322.903289 14330.947369 16431.782342 34.153488 0 13201.673404 4440.780314 0 0 0 0 0 0 0 0 0
1095 13963.16823 0 2362.127132 17872.951683 594.666153 9298.550989 1202.242324 569.68018 0 42.961493 998.827744 0 132.417449 76.89774 113.353472 0 1316.275428 70.320234 0 10199.274097 29483.447904 421.274287 1493.961286 6692.250145 0 4824.074484 1333.722827 2797.14694 5162.23464 524.705429 514.810984 48.965316 0 1364.477863 39.505879 31.960475 0 146.248831 1631.314391 5455.696508 418.757714 9919.431202 426.846698 0 10.210095 0 0 0 8043.469983 8842.635718 3307.819239 0 0 0 0 0 0 0 0 0 7322.903289 14330.947369 16431.782342 34.153488 0 13201.673404 4440.780314 0 0 0 0 0 0 0 0 0
1460 13963.16823 0 2362.127132 17872.951683 594.666153 9290.731781 1202.242324 569.68018 0 42.961493 998.827744 0 132.311001 76.891508 113.303778 0 1316.275428 70.320234 0 10199.274097 29483.447904 421.274287 1493.961286 6692.250145 0 4824.074484 1333.722827 2797.14694 5162.23464 524.705429 514.810984 48.965316 0 1364.477863 39.505879 31.960475 0 146.248831 1631.314391 5455.696508 418.757714 9919.431202 426.846698 0 10.210095 0 0 0 8043.469983 8842.635718 3307.819239 0 0 0 0 0 0 0 0 0 7322.903289 14330.947369 16431.782342 34.153488 0 13201.673404 4440.780314 0 0 0 0 0 0 0 0 0
1825 13963.16823 0 2362.127132 17872.951683 594.666153 9206.486127 1202.242324 569.68018 0 42.961493 998.827744 0 132.367758 76.893478 113.309878 0 1316.275428 70.320234 0 10199.274097 29483.447904 421.274287 1493.961286 6692.250145 0 4824.074484 1333.722827 2797.14694 5162.23464 524.705429 514.810984 48.965316 0 1364.477863 39.505879 31.960475 0 146.248831 1631.314391 5455.696508 418.757714 9919.431202 426.846698 0 10.210095 0 0 0 8043.469983 8842.635718 3307.819239 0 0 0 0 0 0 0 0 0 7322.903289 14330.947369 16431.782342 34.153488 0 13201.673404 4440.780314 0 0 0 0 0 0 0 0 0
2190 13963.16823 0 2362.127132 17872.951683 594.666153 9206.486127 1202.242324 569.68018 0 42.961493 998.827744 0 132.386535 76.937211 113.327383 0 1316.275428 70.320234 0 10199.274097 29483.447904 421.274287 1493.961286 6692.250145 0 4824.074484 1333.722827 2797.14694 5162.23464 524.705429 514.810984 48.965316 0 1364.477863 39.505879 31.960475 0 146.248831 1631.314391 5455.696508 418.757714 9919.431202 426.846698 0 10.210095 0 0 0 8043.469983 8842.635718 3307.819239 0 0 0 0 0 0 0 0 0 7322.903289 14330.947369 16431.782342 34.153488 0 13201.673404 4440.780314 0 0 0 0 0 0 0 0 0
2555 13963.16823 0 2362.127132 17872.951683 594.666153 9206.486127 1202.242324 569.68018 0 42.961493 998.827744 0 132.39863 76.978387 113.347713 0 1316.275428 70.320234 0 10199.274097 29483.447904 421.274287 1493.961286 6692.250145 0 4824.074484 1333.722827 2797.14694 5162.23464 524.705429 514.810984 48.965316 0 1364.477863 39.505879 31.960475 0 146.248831 1631.314391 5455.696508 418.757714 9919.431202 426.846698 0 10.210095 0 0 0 8043.469983 8842.635718 3307.819239 0 0 0 0 0 0 0 0 0 7322.903289 14330.947369 16431.782342 34.153488 0 13201.673404 4440.780314 0 0 0 0 0 0 0 0 0
2920 13963.16823 0 2362.127132 17872.951683 594.666153 9206.486127 1202.242324 569.68018 0 42.961493 998.827744 0 132.401814 77.029437 113.357338 0 1316.275428 70.320234 0 10199.274097 29483.447904 421.274287 1493.961286 6692.250145 0 4824.074484 1333.722827 2797.14694 5162.23464 524.705429 514.810984 48.965316 0 1364.477863 39.505879 31.960475 0 146.248831 1631.314391 5455.696508 418.757714 9919.431202 426.846698 0 10.210095 0 0 0 8043.469983 8842.635718 3307.819239 0 0 0 0 0 0 0 0 0 7322.903289 14330.947369 16431.782342 34.153488 0 13201.673404 4440.780314 0 0 0 0 0 0 0 0 0
3285 13963.16823 0 2362.127132 17872.951683 594.666153 9206.486127 1202.242324 569.68018 0 42.961493 998.827744 0 132.397575 77.057571 113.356761 0 1316.275428 70.320234 0 10199.274097 29483.447904 421.274287 1493.961286 6692.250145 0 4824.074484 1333.722827 2797.14694 5162.23464 524.705429 514.810984 48.965316 0 1364.477863 39.505879 31.960475 0 146.248831 1631.314391 5455.696508 418.757714 9919.431202 426.846698 0 10.210095 0 0 0 8043.469983 8842.635718 3307.819239 0 0 0 0 0 0 0 0 0 7322.903289 14330.947369 16431.782342 34.153488 0 13201.673404 4440.780314 0 0 0 0 0 0 0 0 0
3650 13963.16823 0 2362.127132 17872.951683 594.666153 9206.486127 1202.242324 569.68018 0 42.961493 998.827744 0 132.385543 77.065281 113.34536 0 1316.275428 70.320234 0 10199.274097 29483.447904 421.274287 1493.961286 6692.250145 0 4824.074484 1333.722827 2797.14694 5162.23464 524.705429 514.810984 48.965316 0 1364.477863 39.505879 31.960475 0 146.248831 1631.314391 5455.696508 418.757714 9919.431202 426.846698 0 10.210095 0 0 0 8043.469983 8842.635718 3307.819239 0 0 0 0 0 0 0 0 0 7322.903289 14330.947369 16431.782342 34.153488 0 13201.673404 4440.780314 0 0 0 0 0 0 0 0 0
4015 13963.16823 0 2362.127132 17872.951683 594.666153 9206.486127 1202.242324 569.68018 0 42.961493 998.827744 0 132.369875 77.06999 113.327601 0 1316.275428 70.320234 0 10199.274097 29483.447904 421.274287 1493.961286 6692.250145 0 4824.074484 1333.722827 2797.14694 5162.23464 524.705429 514.810984 48.965316 0 1364.477863 39.505879 31.960475 0 146.248831 1631.314391 5455.696508 418.757714 9919.431202 426.846698 0 10.210095 0 0 0 8043.469983 8842.635718 3307.819239 0 0 0 0 0 0 0 0 0 7322.903289 14330.947369 16431.782342 34.153488 0 13201.673404 4440.780314 0 0 0 0 0 0 0 0 0
4380 13963.16823 0 2362.127132 17872.951683 594.666153 9206.486127 1202.242324 569.68018 0 42.961493 998.827744 0 132.356967 77.079278 113.313752 0 1316.275428 70.320234 0 10199.274097 29483.447904 421.274287 1493.961286 6692.250145 0 4824.074484 1333.722827 2797.14694 5162.23464 524.705429 514.810984 48.965316 0 1364.477863 39.505879 31.960475 0 146.248831 1631.314391 5455.696508 418.757714 9919.431202 426.846698 0 10.210095 0 0 0 8043.469983 8842.635718 3307.819239 0 0 0 0 0 0 0 0 0 7322.903289 14330.947369 16431.782342 34.153488 0 13201.673404 4440.780314 0 0 0 0 0 0 0 0 0
4745 13963.16823 0 2362.127132 17872.951683 594.666153 9206.486127 1202.242324 569.68018 0 42.961493 998.827744 0 132.352919 77.094873 113.309554 0 1316.275428 70.320234 0 10199.274097 29483.447904 421.274287 1493.961286 6692.250145 0 4824.074484 1333.722827 2797.14694 5162.23464 524.705429 514.810984 48.965316 0 1364.477863 39.505879 31.960475 0 146.248831 1631.314391 5455.696508 418.757714 9919.431202 426.846698 0 10.210095 0 0 0 8043.469983 8842.635718 3307.819239 0 0 0 0 0 0 0 0 0 7322.903289 14330.947369 16431.782342 34.153488 0 13201.673404 4440.780314 0 0 0 0 0 0 0 0 0
5110 13963.16823 0 2362.127132 17872.951683 594.666153 9206.486127 1202.242324 569.68018 0 42.961493 998.827744 0 132.372868 77.113877 113.315483 0 1316.275428 70.320234 0 10199.274097 29483.447904 421.274287 1493.961286 6692.250145 0 4824.074484 1333.722827 2797.14694 5162.23464 524.705429 514.810984 48.965316 0 1364.477863 39.505879 31.960475 0 146.248831 1631.314391 5455.696508 418.757714 9919.431202 426.846698 0 10.210095 0 0 0 8043.469983 8842.635718 3307.819239 0 0 0 0 0 0 0 0 0 7322.903289 14330.947369 16431.782342 34.153488 0 13201.673404 4440.780314 0 0 0 0 0 0 0 0 0
5475 13963.16823 0 2362.127132 17872.951683 594.666153 9206.486127 1202.242324 569.68018 0 42.961493 998.827744 0 132.461768 77.130993 113.326152 0 1316.275428 70.320234 0 10199.274097 29483.447904 421.274287 1493.961286 6692.250145 0 4824.074484 1333.722827 2797.14694 5162.23464 524.705429 514.810984 48.965316 0 1364.477863 39.505879 31.960475 0 146.248831 1631.314391 5455.696508 418.757714 9919.431202 426.846698 0 10.210095 0 0 0 8043.469983 8842.635718 3307.819239 0 0 0 0 0 0 0 0 0 7322.903289 14330.947369 16431.782342 34.153488 0 13201.673404 4440.780314 0 0 0 0 0 0 0 0 0
5840 13963.16823 0 2362.127132 17872.951683 594.666153 9206.486127 1202.242324 569.68018 0 42.961493 998.827744 0 132.802174 77.140394 113.334734 0 1316.275428 70.320234 0 10199.274097 29483.447904 421.274287 1493.961286 6692.250145 0 4824.074484 1333.722827 2797.14694 5162.23464 524.705429 514.810984 48.965316 0 1364.477863 39.505879 31.960475 0 146.248831 1631.314391 5455.696508 418.757714 9919.431202 426.846698 0 10.210095 0 0 0 8043.469983 8842.635718 3307.819239 0 0 0 0 0 0 0 0 0 7322.903289 14330.947369 16431.782342 34.153488 0 13201.673404 4440.780314 0 0 0 0 0 0 0 0 0
6205 13963.16823 0 2362.127132 17872.951683 594.666153 9206.486127 1202.242324 569.68018 0 42.961493 998.827744 0 132.783255 77.140747 113.387145 0 1316.275428 70.320234 0 10199.274097 29483.447904 421.274287 1493.961286 6692.250145 0 4824.074484 1333.722827 2797.14694 5162.23464 524.705429 514.810984 48.965316 0 1364.477863 39.505879 31.960475 0 146.248831 1631.314391 5455.696508 418.757714 9919.431202 426.846698 0 10.210095 0 0 0 8043.469983 8842.635718 3307.819239 0 0 0 0 0 0 0 0 0 7322.903289 14330.947369 16431.782342 34.153488 0 13201.673404 4440.780314 0 0 0 0 0 0 0 0 0
6570 13963.16823 0 2362.127132 17872.951683 594.666153 9206.486127 1202.242324 569.68018 0 42.961493 998.827744 0 132.731584 77.134737 113.434823 0 1316.275428 70.320234 0 10199.274097 29483.447904 421.274287 1493.961286 6692.250145 0 4824.074484 1333.722827 2797.14694 5162.23464 524.705429 514.810984 48.965316 0 1364.477863 39.505879 31.960475 0 146.248831 1631.314391 5455.696508 418.757714 9919.431202 426.846698 0 10.210095 0 0 0 8043.469983 8842.635718 3307.819239 0 0 0 0 0 0 0 0 0 7322.903289 14330.947369 16431.782342 34.153488 0 13201.673404 4440.780314 0 0 0 0 0 0 0 0 0
6935 13963.16823 0 2362.127132 17872.951683 594.666153 9206.486127 1202.242324 569.68018 0 42.961493 998.827744 0 132.577583 77.125302 113.546982 0 1316.275428 70.320234 0 10199.274097 29483.447904 421.274287 1493.961286 6692.250145 0 4824.074484 1333.722827 2797.14694 5162.23464 524.705429 514.810984 48.965316 0 1364.477863 39.505879 31.960475 0 146.248831 1631.314391 5455.696508 418.757714 9919.431202 426.846698 0 10.210095 0 0 0 8043.469983 8842.635718 3307.819239 0 0 0 0 0 0 0 0 0 7322.903289 14330.947369 16431.782342 34.153488 0 13201.673404 4440.780314 0 0 0 0 0 0 0 0 0
7300 13963.16823 0 2362.127132 17872.951683 594.666153 9206.486127 1202.242324 569.68018 0 42.961493 998.827744 0 132.515018 77.115093 113.553559 0 1316.275428 70.320234 0 10199.274097 29483.447904 421.274287 1493.961286 6692.250145 0 4824.074484 1333.722827 2797.14694 5162.23464 524.705429 514.810984 48.965316 0 1364.477863 39.505879 31.960475 0 146.248831 1631.314391 5455.696508 418.757714 9919.431202 426.846698 0 10.210095 0 0 0 8043.469983 8842.635718 3307.819239 0 0 0 0 0 0 0 0 0 7322.903289 14330.947369 16431.782342 34.153488 0 13201.673404 4440.780314 0 0 0 0 0 0 0 0 0
7665 13963.16823 0 2362.127132 17872.951683 594.666153 9206.486127 1202.242324 569.68018 0 42.961493 998.827744 0 132.488138 77.10517 113.508908 0 1316.275428 70.320234 0 10199.274097 29483.447904 421.274287 1493.961286 6692.250145 0 4824.074484 1333.722827 2797.14694 5162.23464 524.705429 514.810984 48.965316 0 1364.477863 39.505879 31.960475 0 146.248831 1631.314391 5455.696508 418.757714 9919.431202 426.846698 0 10.210095 0 0 0 8043.469983 8842.635718 3307.819239 0 0 0 0 0 0 0 0 0 7322.903289 14330.947369 16431.782342 34.153488 0 13201.673404 4440.780314 0 0 0 0 0 0 0 0 0
8030 70628.766952 60175.933716 10282.251067 54510.716235 7308.622945 25969.101267 24304.626279 6285.882046 0 131.361653 7267.21237 0 498.11049 77.096028 458.085127 0 6272.483438 123.18353 0 11971.308344 132748.625209 1723.302563 64164.978556 27190.938927 80.939186 23646.3543 6072.283279 3148.926536 14966.528425 1936.314544 4259.817285 4586.545529 0 1768.970829 39.505879 262.472732 1447.004539 177.613207 6191.701845 12708.891801 9257.005711 14487.032109 374.266283 1.308322 10.210095 0 55.569311 1.976048 8043.469983 9017.382679 3905.793282 0 0 0 0 0 0 0 0 0 6683.946932 20609.444973 22367.181245 530.431986 0 11722.842718 2722.634804 0 0 0 0 0 0 0 0 0
8395 68798.390766 68065.780473 10856.243402 84153.76302 6725.217249 24823.078638 16000.534518 5145.097139 0 107.385756 5097.497962 0 418.155979 239.276729 799.301249 0 6640.91206 109.291162 0 11583.748647 61765.324762 1856.188146 48198.406738 24872.043954 82.291931 26144.322499 7006.737979 3154.805861 17125.035954 1948.905878 3081.785344 4095.686281 0 2030.558599 11.619376 346.02876 1310.271604 216.281457 4789.217794 11092.255868 9660.583714 13249.576037 560.69242 1.330188 10.210095 0 68.3915 1.976055 10428.138418 5418.623436 6919.101207 0 0 0 0 0 0 0 0 0 8626.16444 18891.408695 24331.340313 634.499905 0 13218.023672 2776.678574 0 0 0 0 0 0 0 0 0
8760 80352.875267 77233.655183 11053.470807 73568.698312 5908.697228 23563.785609 16859.56952 3795.854607 0 99.871989 4098.238805 0 414.183783 250.928305 716.363992 0 6722.341165 204.849026 0 11934.055581 101862.813911 2129.128442 52990.201142 21552.900137 82.291931 21000.243134 6701.293629 3154.805861 14033.156276 3208.198908 1912.876106 4806.294538 0 1660.48147 12.454519 391.003511 840.535315 124.426549 5493.822227 9410.859521 7851.599283 13232.463342 426.846698 0.467364 2.193013 0 18.547651 2.36654 10202.258033 12229.284443 6333.458766 0 0 0 0 0 0 0 0 0 14101.076419 21502.928192 21732.799141 516.472641 0 13201.673404 3779.71259 0 0 0 0 0 0 0 0 0
9125 82436.705398 86989.149642 9280.653123 44912.771447 6215.503404 24584.183977 16517.342582 3616.962232 0 107.49361 3777.016262 0 458.340837 219.507158 687.713091 0 4216.98509 446.404064 0 12810.721692 95556.354376 2106.802846 66026.207494 22011.635408 82.291931 16174.13526 6696.06491 3154.805861 11994.101008 1360.243549 1167.928854 4052.724788 0 1428.856469 15.649847 363.896427 757.560315 189.282226 4252.468766 8910.463826 7166.983628 13477.110169 364.399741 2.193013 22.037988 0 82.82306 0.922953 12825.785177 12277.722717 5219.084379 0 0 0 0 0 0 0 0 0 13658.339362 20262.617312 23364.868504 274.989505 0 13569.15886 4440.780314 0 0 0 0 0 0 0 0 0
9490 74138.378492 99897.90982 8509.395462 42994.855365 6093.593427 11224.705611 14152.254882 2368.670221 0 84.592797 2907.252752 0 672.268739 190.125649 817.598348 0 4632.399357 222.644791 0 18446.658379 110707.848282 5646.218685 56828.096536 26518.098272 82.291931 12540.175376 8532.797791 3224.122702 10192.262566 453.738076 708.636702 7794.616884 0 3207.129364 56.0998 460.568773 452.731447 405.671535 5032.534432 6197.811537 11680.456945 21341.004708 752.095757 1.294237 6.471187 0 101.464871 2.650536 11908.314636 16130.738676 4462.494742 0 0 0 0 0 0 0 0 0 14867.660445 22381.427805 21901.697127 436.805136 0 18727.442322 43780.133932 0 0 0 0 0 0 0 0 0
9855 86374.494711 94131.147298 9063.544792 42492.151973 7682.701297 9022.920117 11599.502252 1478.162961 0 88.259803 2969.160443 0 609.949451 275.46377 825.160786 0 3412.077255 447.087133 0 13412.470199 160579.849991 4138.899431 72149.495057 27309.66827 82.291931 10311.361171 7998.960079 3068.677235 10447.634667 873.502419 692.478507 10387.154232 0 2588.615449 315.611304 395.497391 454.744705 604.336982 5314.606292 7376.742488 26451.157435 35764.921466 382.195506 45.190457 10.281997 0 87.840752 14.435968 18865.416093 16129.937411 9270.802538 0 0 0 0 0 0 0 0 0 17577.146526 21123.141405 23925.560924 479.514972 0 22157.702144 54112.930191 0 0 0 0 0 0 0 0 0
10220 72197.453745 104680.225014 9001.24164 38738.252229 7788.613061 12906.746919 11487.543664 1796.006105 0 103.179485 5265.605025 0 570.718737 414.110711 621.446451 0 4493.484539 179.791151 0 16260.871098 126628.91015 3008.059468 67501.097487 20119.711928 30.234825 8693.254113 5355.55201 3171.653956 16555.722834 1188.325676 2121.267799 6179.516412 0 3050.48565 354.863009 502.811245 366.808461 717.438954 6410.106383 8453.386618 11238.690565 27106.796552 589.668958 27.502546 24.231001 0 109.79498 49.295286 13336.505652 13309.542372 9111.898941 0 0 0 0 0 0 0 0 0 17278.28553 22053.626222 20582.437764 695.580722 0 23583.660238 51552.389269 0 0 0 0 0 0 0 0 0
10585 40557.231049 124647.037168 13023.336142 31802.14618 2944.354225 15976.031008 8603.155774 2243.740357 0 94.659088 7070.706743 0 561.617692 331.323931 685.569158 0 7666.703084 90.344964 0 22140.555837 126319.084088 2615.581964 48524.772436 20698.379868 118.602481 8190.534543 10307.766426 2941.481377 12613.885793 1652.058141 985.453957 2003.875019 0 3222.633969 627.155827 458.663368 590.675587 626.303068 7380.784463 8280.802571 9734.535003 36970.251984 1198.212212 55.005091 22.577253 0 142.003222 58.382923 14363.950424 15209.446982 7089.005822 0 0 0 0 0 0 0 0 0 14213.027958 22464.402805 21674.846065 507.916293 0 19718.083954 32506.283249 0 0 0 0 0 0 0 0 0
10950 35907.82685 108391.163265 12781.385643 26927.868226 2457.613094 13339.525539 7746.658197 2603.538366 0 91.171837 5726.677113 0 573.203846 488.118618 710.647734 0 9972.387084 256.798279 0 27246.717999 85611.937202 2787.212229 40745.111184 22697.257692 98.038486 6253.4393 18227.315332 3606.690661 8446.92334 1836.95434 900.50165 1230.316491 0 5353.59124 728.607504 316.477005 555.695225 708.343341 7189.740636 5455.696508 5999.617408 34174.806967 1078.279543 30.881943 15.027535 0 86.556474 27.416612 7628.702835 17878.955507 5002.191755 0 0 0 0 0 0 0 0 0 7322.903289 21901.697127 21934.700182 244.503023 0 20120.737554 62055.30585 0 0 0 0 0 0 0 0 0
11315 36950.263206 85894.764034 8905.791629 24503.258186 1304.26778 15007.581893 5587.870147 2666.488637 0 93.149145 5083.009692 0 132.596899 158.449901 337.176009 0 8310.334553 153.47499 0 24973.965153 52360.6046 2892.908287 26754.979674 22247.510181 113.533384 4741.32274 7340.577179 2466.03103 7417.301372 785.566175 536.713076 804.548324 0 6132.234683 691.933848 198.018328 423.754908 705.107748 8068.384054 6374.280812 6241.496005 29313.543289 1048.404228 12.834521 22.10989 0 61.422064 9.596509 9845.479912 11880.344727 9284.787492 0 0 0 0 0 0 0 0 0 7594.729102 20973.225568 21941.674684 323.954821 0 20988.130565 45691.938337 0 0 0 0 0 0 0 0 0
11680 28402.040621 124363.167756 9000.342864 21245.087333 1919.92934 12475.01088 5714.777318 2207.753366 0 80.602232 4652.244331 0 556.809027 274.796633 295.996481 0 3675.921938 74.706261 0 30328.980414 117474.049716 3381.770529 19111.285256 16604.670894 71.039255 4638.346019 2628.375501 3200.92026 5162.23464 665.633506 644.638098 592.652894 0 6860.043355 1206.091242 138.051994 246.875792 596.967019 6400.795064 2933.819851 2991.306283 34527.630473 1642.171605 22.900812 16.357723 0 75.724172 5.810031 7156.989239 16475.750464 3896.805128 0 0 0 0 0 0 0 0 0 7987.530165 21135.149052 19619.992472 238.894661 0 16601.154035 44883.111839 0 0 0 0 0 0 0 0 0
12045 40299.39019 133257.203395 6444.691284 21301.027151 1771.020132 14725.725739 7326.893854 2084.836761 0 83.694021 4450.379242 0 566.151246 160.454449 113.296315 0 4946.215985 55.831965 0 30297.990617 78955.674048 3664.884969 18445.65175 17043.417386 66.797032 3947.900903 2331.42782 4768.555652 5929.403949 1120.378211 765.577397 588.662329 0 8071.54487 2125.837484 157.429604 372.776334 531.967539 4883.984735 4544.047519 3968.77911 33833.020429 1064.294588 21.714428 12.403109 0 113.860946 5.336461 11987.26312 16954.474513 5173.102999 0 0 0 0 0 0 0 0 0 7881.58245 20108.710909 19823.87082 109.722574 0 20455.334107 42615.679746 0 0 0 0 0 0 0 0 0
12410 38898.162455 144569.84525 5200.533642 24441.278593 1861.940313 13859.233773 7678.67478 1771.020132 0 85.671328 4131.349713 0 599.320677 196.581635 254.28552 0 3580.004563 590.675587 0 30485.870752 44634.94181 2192.294419 19784.899892 16205.901958 22.037988 5277.302774 3609.740747 4010.463981 4091.218645 1808.984431 511.727103 458.73527 0 11277.439675 1262.735701 124.031088 597.650089 286.385985 5285.414048 5000.434827 5369.000216 23429.832034 808.646743 23.080568 21.211114 0 103.324824 9.336215 7229.933899 11815.381198 3937.789313 0 0 0 0 0 0 0 0 0 6229.488358 19627.973603 18661.537745 96.025228 0 24305.577306 32556.183293 0 0 0 0 0 0 0 0 0
12775 34356.719229 128642.779558 3995.634537 24662.161783 926.494252 17069.409988 7247.94537 1846.948729 0 80.134868 3776.800556 0 642.003573 187.160851 222.307742 0 6464.356502 88.870971 0 28464.020214 29483.447904 2748.349155 15483.322005 15819.104719 5.284803 7311.310876 8248.232008 2284.333036 3517.875054 1341.2614 509.713845 312.809999 0 12445.041734 2545.514825 111.66393 299.831674 412.39438 4409.718615 6987.093971 6689.230258 25749.536939 942.168905 36.706012 18.982149 0 101.82447 5.34844 9791.517401 13975.139926 3783.882911 0 0 0 0 0 0 0 0 0 5560.870916 17886.972588 18773.453333 63.633341 0 23847.242378 44322.275615 0 0 0 0 0 0 0 0 0
13140 31980.031926 129424.355168 4147.887191 25619.60988 459.7419 15129.491869 6718.242747 2119.817123 0 83.262609 3343.44672 0 630.083683 195.999024 128.945143 0 12281.09097 91.351593 0 27706.459899 21927.689729 2352.240596 15843.120013 18150.817271 11.791941 6147.448804 6053.477099 2761.816774 4431.412192 524.705429 380.793416 497.706198 0 12792.352148 2301.217442 93.724361 284.84009 392.01014 4325.089867 7391.266708 7813.599034 22121.573688 873.502419 8.268739 22.325596 0 68.704821 9.265626 8486.242992 13276.539317 2978.327958 0 0 0 0 0 0 0 0 0 10112.308531 17376.252114 19590.009304 83.010951 0 25977.090805 43588.119427 0 0 0 0 0 0 0 0 0
13505 25323.768772 125900.326374 5059.497712 27025.83481 639.640904 20134.703511 8623.144552 2437.624316 0 82.975 4478.960318 0 570.342988 152.940179 140.425312 0 5021.173904 91.747054 0 23432.851921 58497.159519 1935.711847 17458.184534 12743.852757 3.738908 5232.894971 4470.119239 3976.150511 7284.077963 505.72328 484.727872 337.795972 0 12226.851636 2622.783676 109.650672 148.909208 408.224059 3708.81714 10261.79727 11318.645678 15312.410761 1000.229835 18.65859 8.62825 0 42.393961 13.063337 9001.960661 13861.21108 5501.911211 0 0 0 0 0 0 0 0 0 14612.803523 14724.71911 19775.912132 96.061179 0 24588.485915 34264.325056 0 0 0 0 0 0 0 0 0
13870 39341.906142 140706.007226 5529.269952 33672.103574 401.788823 15686.193724 9107.872425 3018.305514 0 81.644812 4511.999324 0 660.113899 202.776142 188.920818 0 7708.657948 70.320234 0 35555.039294 52820.346499 1815.779177 23677.714454 12930.726263 1.72565 6236.26441 3285.160737 5072.402338 8328.84143 873.502419 719.596017 460.748529 0 11184.593598 2326.16279 127.55429 123.923235 382.698821 2809.861384 13907.884878 11481.539841 11875.347533 979.557987 29.300098 17.472205 0 23.91329 10.330137 8097.468445 10334.19835 5918.691617 0 0 0 0 0 0 0 0 0 21042.179663 17064.412793 22004.660906 195.573658 0 17938.089818 32824.3421 0 0 0 0 0 0 0 0 0
14235 62926.687158 105037.039086 5536.891572 24955.989633 594.666153 16463.742817 7173.95813 3186.196871 0 35.986991 3545.599418 0 630.518335 197.532234 201.885785 0 3805.848996 82.975 0 26719.999312 40787.101999 540.020572 20333.584665 8401.290684 0.575217 5534.708266 1333.722827 5570.038431 7782.730752 850.529704 498.712827 573.670745 0 9946.984798 1369.597651 155.668003 164.90742 164.871469 3212.225424 15788.154109 8760.082064 11503.541877 1025.107955 61.18867 20.420191 0 12.128523 19.051099 9270.802538 11821.349071 5763.778586 0 0 0 0 0 0 0 0 0 23877.602237 17935.937905 24006.522666 244.718729 0 14682.107276 22555.8263 0 0 0 0 0 0 0 0 0
14600 80265.945652 111417.44991 6145.398876 25383.735107 639.640904 19213.206454 7382.869623 3122.239971 0 41.990815 2544.830317 0 530.966452 86.74668 170.755805 0 3150.245831 288.938508 0 30063.122473 12962.722689 390.032833 17509.163109 8881.021362 8.843956 6131.290609 1179.148814 4638.346019 13232.653882 1129.365971 568.673551 437.739863 0 8463.880367 1436.735858 147.974481 142.905384 146.248831 3321.876096 16123.082626 9192.824732 7375.859171 1182.825167 28.113713 29.695559 0 24.860318 12.199309 10992.821403 15083.54644 4443.512593 0 0 0 0 0 0 0 0 0 25402.753207 18840.43012 25019.946533 62.087446 0 3536.084481 17264.156772 0 0 0 0 0 0 0 0 0
14965 111314.522082 115344.238205 5016.53622 29958.181387 664.626876 20946.226337 5919.662295 2922.352188 0 42.961493 1714.001783 0 154.421923 43.7157 236.486254 0 2025.877055 73.304171 0 24187.4283 38198.555217 446.583819 13187.596444 9328.755614 18.65859 7065.016412 1326.279164 3554.221915 12084.950005 1214.318278 519.708234 285.846719 0 8824.807238 1325.734506 73.62773 116.948733 182.559381 2437.804071 21952.959356 8615.163421 9919.431202 1125.770867 42.314374 12.726668 0 22.837241 12.601686 13444.466625 10012.36464 4840.26827 0 0 0 0 0 0 0 0 0 28980.744512 17717.067973 24306.35434 225.017559 0 14948.59027 32786.773263 0 0 0 0 0 0 0 0 0
15330 99547.099572 106733.065349 4444.08781 30425.904418 1302.254522 19282.160549 4380.526371 2650.526375 0 44.974751 1330.296333 0 180.422825 104.187884 432.563072 0 1217.302214 92.034662 0 21849.747875 25625.613704 628.244424 11803.373551 8865.023149 9.67083 7528.339036 1611.861643 3202.91734 6699.623344 675.627895 660.636311 200.894412 0 11851.182682 2501.215954 69.313605 96.959955 366.700608 2124.490758 24501.161162 5192.085148 9376.750253 1612.080585 258.020614 14.416367 0 6.744937 41.509364 10598.043033 10961.831606 6175.525847 0 0 0 0 0 0 0 0 0 25678.569586 15558.279924 21182.101111 243.999708 0 16488.661178 39193.140738 0 0 0 0 0 0 0 0 0
15695 112361.919682 116798.421822 2879.606402 30267.000821 1026.438143 17857.960099 3736.894902 1861.940313 0 40.984186 1126.310132 0 69.205014 78.038918 98.461591 0 1446.202486 25.201679 0 16832.564536 73378.804919 185.255709 8906.007335 5677.819649 36.813865 7349.691128 1524.934185 2960.653348 8382.32687 906.505474 658.623053 183.88957 0 6176.20676 1800.494952 75.461233 62.950271 277.685833 1906.627455 17862.612164 3071.261396 10474.119798 1524.360047 61.943642 14.416367 0 8.283447 15.785066 10865.914232 9111.898941 7308.882383 0 0 0 0 0 0 0 0 0 26717.015376 21480.926155 24227.405856 161.024708 0 17402.919934 22052.619593 0 0 0 0 0 0 0 0 0
16060 79688.24839 112398.913302 2380.426212 31585.253556 1456.196875 14764.696667 3349.126984 1075.40346 0 70.967353 1038.949105 0 69.769135 72.784866 103.342132 0 882.490179 172.241433 0 14737.733387 57657.630833 397.510649 12177.156514 6980.074171 11.39648 9769.280964 1941.56144 2947.545239 9270.628175 748.572555 1162.333074 166.920679 0 10248.543919 2274.275014 59.678726 47.958687 326.075933 7842.791278 19437.836461 2797.422324 12504.994047 1409.71218 108.464288 24.770267 0 6.839783 17.180822 14947.615558 11631.455677 6925.105031 0 0 0 0 0 0 0 0 0 26578.064606 15579.23938 24979.968976 115.007377 0 12388.153396 29408.9933 0 0 0 0 0 0 0 0 0
16425 52978.243467 91077.861421 2524.87749 29071.664692 698.600609 12901.749725 2973.330763 1008.426672 0 67.947466 1092.983518 0 106.636656 46.673516 120.785397 0 1427.184386 91.531348 0 12713.86959 66482.676426 727.397392 13844.242189 7392.864012 19.737121 15776.425801 1390.911944 3161.559623 7919.004247 736.600859 1373.221875 125.936493 0 6208.377907 2382.153659 42.53008 30.989796 320.251864 7089.724843 23985.15193 2779.446804 11106.750249 1366.714737 16.177968 42.925542 0 14.460698 14.495204 13752.279429 9702.538577 6880.13028 0 0 0 0 0 0 0 0 0 24259.366331 15736.165669 22520.342624 144.307475 0 16751.43334 32439.306462 0 0 0 0 0 0 0 0 0
16790 65639.157175 107526.648606 2788.61432 31213.483851 907.476152 14298.986894 3061.267007 953.457532 0 75.964548 1375.163231 0 174.799008 91.563609 179.936128 0 1284.279002 146.752145 0 10170.297559 38078.622547 1026.222437 14800.683658 8817.064462 17.723863 9985.328739 1884.880671 3874.190485 10405.223944 863.50803 1665.072418 167.891357 0 9178.762483 2563.198063 37.101473 965.465179 313.061656 7370.394612 26934.403765 2896.359587 11496.531424 1675.85773 0.431412 68.666486 0 7.940615 31.511219 15105.512526 9949.414369 4729.359312 0 0 0 0 0 0 0 0 0 26114.332141 15706.182502 20072.723918 178.065501 0 18411.060872 36815.123246 0 0 0 0 0 0 0 0 0
17155 49620.128723 79367.45726 3217.186668 36260.650356 753.569749 15399.340376 2258.731941 758.566944 0 60.972964 1459.46842 0 263.671198 93.539316 190.373292 0 1316.275428 171.12695 0 9017.922923 54829.218712 421.274287 13551.385018 9637.575048 10.138193 10999.809207 1768.396426 5169.315197 14083.627941 921.497057 1852.952553 125.936493 0 4155.343077 545.56602 26.495916 772.983311 20.204484 2997.41796 29676.213426 2092.817892 9669.571474 1951.098892 26.244259 29.515804 0 10.319342 43.107358 14977.598725 9736.548261 4476.479697 0 0 0 0 0 0 0 0 0 25912.467052 16265.868293 17981.919285 149.807984 0 30439.414192 6659.426845 0 0 0 0 0 0 0 0 0
17520 13139.637756 86106.659463 4443.692348 32470.763622 678.611831 17477.202635 3076.258591 869.511853 0 81.968371 1401.335588 0 582.512133 214.415463 522.158447 0 2144.803095 71.254961 0 10529.088938 64233.938874 1328.426879 11946.278935 9596.626813 3.81081 13922.118613 1817.016253 2797.14694 13378.005016 863.50803 2234.752597 76.971177 0 6182.778969 2661.200239 47.994638 580.465492 494.722261 7230.940528 19184.170956 2315.71434 14557.834382 1504.838632 0.539266 35.771285 0 6.106511 19.204799 13156.606647 8572.201929 5727.791595 0 0 0 0 0 0 0 0 0 26638.030941 14330.947369 18833.419668 221.710064 0 36089.938668 45398.362144 0 0 0 0 0 0 0 0 0
17885 12593.93692 87625.80661 4085.404284 28287.105146 1015.437125 16153.916754 3373.106328 1037.40321 0 107.925022 1484.921756 0 275.174275 294.22781 590.050508 0 1635.08925 255.036678 0 12203.149116 64663.697606 1248.543668 6557.325892 8686.130774 9.778683 10466.806637 1810.371422 5156.170778 12253.50358 833.524862 4193.652865 93.940068 0 4744.881174 2322.568046 31.960475 387.983624 431.232725 8571.662663 8644.489044 2378.664611 15720.167457 1450.372807 0.611168 53.171588 0 6.118492 29.051026 11321.629615 8571.1953 7323.873967 0 0 0 0 0 0 0 0 0 25900.459404 15959.026166 18043.862927 200.966314 0 39178.557006 40906.06399 0 0 0 0 0 0 0 0 0
18250 14351.942776 101564.995496 2802.635225 27021.844244 1086.404478 17473.176118 3132.23436 685.622284 0 114.935475 1312.320813 0 199.349237 262.724222 565.352216 0 1531.154794 2605.731379 0 10387.154232 52940.279169 1273.206082 4163.669698 7039.033877 4.889341 13554.655843 1391.34767 4783.697152 15910.702216 845.53251 3961.768657 67.947466 0 5077.667368 1902.273425 36.813865 195.501756 369.253132 9497.473845 8620.560392 1539.135924 12413.031287 1449.725688 5.428607 30.738139 0 2.970526 35.059733 10849.916019 8755.084869 6629.263923 0 0 0 0 0 0 0 0 0 18653.520663 14717.744608 18544.589012 249.967581 0 41211.942619 29305.094795 0 0 0 0 0 0 0 0 0
18615 13963.16823 95179.551526 2362.127132 24121.458141 799.55113 15266.429381 2358.675832 569.68018 0 103.934457 1236.679825 0 209.556734 220.63079 342.456199 0 4186.642412 700.757672 0 10199.274097 52160.716817 1754.626458 3714.928816 8382.308535 5.320754 8713.442779 1482.196667 5951.626006 13485.012208 813.536084 5094.154515 73.951289 0 5199.924991 2111.0954 33.254712 2.983936 411.603457 9653.177799 21501.837078 1258.2864 16542.727252 1321.56023 13.12213 69.169801 0 2.651027 42.515636 11622.467917 10078.334798 6861.148131 0 0 0 0 0 0 0 0 0 15334.376846 14491.864224 18219.771366 199.851831 0 48306.282394 31291.56951 0 0 0 0 0 0 0 0 0
18980 11943.294998 81304.355491 1844.611911 22366.436221 763.564139 12490.973142 1996.864566 491.738325 0 114.935475 1241.245607 0 318.948726 234.680131 185.584196 0 2932.346578 1094.960825 0 10120.325613 55199.01111 1138.785143 2372.660787 7050.034895 0.323559 6197.920469 1637.714755 7034.733413 15696.687832 600.669976 5041.162682 62.950271 0 3695.905683 785.215652 31.025748 2.983936 301.629226 4748.377412 24347.930639 805.554953 12041.225631 1250.736682 21.570624 73.98724 0 2.011949 23.038424 10547.064458 9816.503374 5570.865305 0 0 0 0 0 0 0 0 0 16197.920827 15393.372503 19208.20926 30.486482 0 22524.697845 37528.571635 0 0 0 0 0 0 0 0 0
19345 15307.413566 66619.613938 1778.066536 20358.570637 682.602396 11789.388596 1439.192033 396.791628 0 132.910995 998.827744 0 202.792677 143.03158 136.95267 0 2729.474859 365.010909 0 11895.336311 76946.801835 731.45986 3172.211916 7209.945121 0.575217 5280.35286 1823.951568 9500.800754 15466.551564 501.732714 3923.804359 48.965316 0 1593.379573 300.215631 33.290663 2.983936 288.686851 1631.314391 21345.774332 563.676356 16077.988158 1059.009785 25.956651 79.883211 0 1.384709 32.445142 11088.774729 11170.7431 3960.762028 0 0 0 0 0 0 0 0 0 18428.646908 14533.855039 18385.685415 26.28021 0 24333.64401 43433.961368 0 0 0 0 0 0 0 0 0
19710 20993.214347 50870.433992 2512.07892 27388.616754 653.625858 9605.614573 1406.22493 445.756945 0 124.929864 1120.198455 0 183.270085 215.214545 142.16063 0 4626.395533 99.440577 0 15275.417141 89010.029503 1069.579391 2490.616149 5947.668156 0.35951 6658.229316 1105.00267 10202.502957 19139.872085 752.670973 5263.052501 41.990815 0 966.841026 342.807906 29.767461 2.983936 290.088942 1289.671658 22789.0824 523.6988 14317.969044 1172.54317 18.155275 132.946946 0 0.75746 37.68616 10383.163667 9503.657424 3114.25884 0 0 0 0 0 0 0 0 0 23444.823617 15046.55282 16922.514038 51.266183 0 21528.461709 24607.336447 0 0 0 0 0 0 0 0 0
